-93902
54120
-57228
-78841
-51415
-76958
70128
-25652
-78855
-72933
30548
45933
53405
97314
-97880
-1436
91150
-42068
48705
-89345
-49555
-39302
8669
82985
78362
-69234
78999
-14758
48795
19106
56635
54893
-99686
26496
3142
-51101
49539
-99642
-49664
70684
54515
7973
-56295
7919
5286
-54174
33572
-76475
-69153
-17723
61270
-18707
-29936
-30062
91367
-51575
-72206
70365
33667
76589
-83441
-82610
-41429
-83127
43887
-11198
92862
-79486
-10840
-56802
18287
70764
51171
-10919
-21317
83547
34907
39344
34161
65755
-78380
-4570
74137
-8315
-7542
65503
-32801
20252
-37044
27956
-76071
-93396
-27565
-90411
-76523
43411
-1609
43428
63925
14640
86626
-90700
-14596
-35114
-1618
64087
75522
-66712
-69481
9682
26132
-47860
32201
-72643
-29086
51748
19949
-34798
-28001
9994
93158
-76982
16598
92683
-67393
-32836
36093
30999
-89408
18
-54362
24307
-63593
-41869
89193
34789
49307
-8197
-4833
79827
28574
-78702
-68034
-39225
75746
-70031
39612
-4306
-77740
-88389
32778
42508
61719
-50625
35190
94326
16540
-28718
-47587
27132
-1611
-1948
-48562
34797
-16728
67721
-30415
-67421
-40477
64752
-87595
15187
13140
71461
3051
-11115
-98571
-57338
11668
50779
81363
-55555
-6714
43081
-79090
-71525
37407
37450
-242
89820
91671
98147
-85040
-56892
32943
-1767
37918
29618
30812
24531
-5631
-29694
-60283
34598
-58234
42768
50572
70285
85430
89330
21063
66793
60864
-85651
9873
81774
-57176
74369
19223
-30329
-8722
-62018
94908
-66673
-18909
-45061
-41351
-80992
84557
16550
-29372
-93985
86856
10345
40613
-71379
-46888
-8815
98906
-61458
-92397
19969
32424
68467
-38593
69386
50241
-68680
-29156
96553
992
62122
-65465
-4101
95449
-57285
50838
81188
88813
-37516
-2263
-40559
-31501
-15407
69786
36201
-59697
-77102
54475
-60791
88530
62078
-13733
-51958
30545
-25237
-82573
-19215
6083
-11729
-95574
-92926
77482
66051
-69938
20
-91235
7990
-18793
97579
-2437
6033
-42981
66062
90626
53894
-70649
-69071
3881
83827
97228
-80501
45904
-89417
-32459
-23552
-14654
-87942
-15678
91429
-72582
-84162
25593
31990
81889
-17256
-67991
90655
90734
-59695
15322
-84615
46338
-570
81447
-35947
-46677
-89202
-77929
-15706
21714
-80702
3793
-32383
56971
-1576
-28845
-57684
10482
-17434
60834
-35011
-1596
-13574
96979
-92618
-3740
56077
98037
-85918
23471
-59553
-70532
-30191
39877
-89086
-39049
20289
48802
-16978
-95418
-29485
-70591
-64535
-34778
86380
33889
36377
-71305
71460
-81058
89529
63538
-55564
-96956
-12394
-48182
-696
-56318
76944
13386
67154
-82610
42854
64052
-15644
-19142
-74998
31734
-70341
-64887
-36594
-72736
-35478
-1129
-7514
-49099
59849
-71138
-93315
-41603
74894
96214
-78066
-80671
26347
9540
98237
-74350
-19688
75180
39037
74555
19659
-91021
38606
-95986
-10163
-9303
35749
-53414
-47101
26244
-26150
17421
-74886
-6575
-4589
12052
22287
2096
70449
-75731
-74602
92383
70689
51746
-70988
68925
77396
9324
44105
-56479
-16122
90853
-47499
49573
94868
-30573
67359
-42295
16013
-79743
83949
16952
-35233
36152
-89624
60178
-51797
-40248
-37727
45741
-15978
-12329
38123
-45290
66506
67135
50724
43902
-96453
-78083
87423
-12575
-87230
67013
64087
34727
-63560
31445
92432
-20458
-21209
3469
96495
43558
66710
-93130
3735
42002
-33377
-6903
-12258
50645
7858
52954
32444
-25637
-52822
-16833
45354
-49275
-67826
-40134
-34760
-55056
53968
-70674
6760
90408
60772
-73720
-30050
-60438
29749
-33556
10210
-76453
-99597
-86056
65549
-32974
-65869
-46710
-82330
-30922
33333
-22797
-29470
80511
-12540
-84116
-68764
19634
-24250
-76435
-8333
-70283
-47109
98427
47215
40752
-75294
44254
80315
-18456
37787
-9476
5091
38190
-68443
97729
-94784
92778
-48982
49976
-38145
11440
54269
32386
-8049
-58272
48270
-49724
-11549
51109
-26159
7207
7915
-46179
-67278
82219
94574
-42572
26472
1977
-33939
91348
19590
-1759
29538
51147
-4031
-38157
43925
-25924
38908
32869
85516
-6824
-34746
-95445
-38007
40613
81921
50444
-81190
-44239
84740
-46185
-63328
-82539
-63967
-68755
-98022
-10405
33222
-31961
-91969
-47189
-6631
-35342
31047
89338
26501
-97940
90503
92499
34930
3108
-14326
27273
7663
-25243
94976
-10416
52290
-86215
-27566
37030
94690
9106
54491
-69277
40351
56470
-52593
-99339
51598
-44562
80562
-55033
20097
11609
61394
73687
13669
51897
66185
75688
-44996
78949
2961
-10244
-46295
-2064
6429
33084
-61190
78864
-29887
-66500
-84942
-75396
91313
55410
8163
65809
-16840
-40240
48336
-36278
-68184
95522
75331
93211
69209
-83912
-27804
-37518
91777
-45711
68520
-78174
-28866
49314
19762
77564
-17602
-14339
56427
52511
-53750
71485
4204
64652
-46017
39456
-42451
-35767
99217
-94115
27955
58122
-98594
-69626
-21579
-2296
-53538
-22294
-12724
65328
31995
-44205
87154
-96871
-94891
-65996
7782
-85404
-53245
91298
-5804
-6995
-10129
98401
84747
-29056
37856
-57705
35177
-35839
-51820
90221
49373
76677
-79406
-72207
-25620
94146
5500
-11255
-13437
64584
44541
-26284
-5198
-23261
-65190
-97417
-81576
-18435
93881
12620
1659
-16248
-61891
-13595
54696
3055
28701
-83039
-5695
3970
-92819
-56323
-19354
54865
-28529
-17884
-23901
4060
70861
62662
-31357
-57510
63468
63446
-53682
98278
66029
-35258
-93069
-13001
77363
8590
70751
-84529
94996
-47465
-54385
23696
96586
39921
54755
-96234
83598
-64599
-14280
82158
-55394
61819
-13783
-84534
-48430
54861
85047
-84963
18306
-68636
40404
-88577
-3893
47335
-1578
-99442
-44076
96262
43119
78009
75886
88735
-71207
72471
28655
83549
3326
12252
-81051
89046
-78501
90645
50865
7716
-93890
29524
-37424
18246
44561
7971
49611
-87947
19395
72807
59388
44906
73365
42401
-31743
16483
20410
-55858
5217
-23708
-83387
60961
-40160
-52972
-99698
-94122
-63926
-78199
96523
14028
29517
29723
-56449
19183
-52032
15201
54243
97579
27254
-99274
70385
-86270
45633
-29162
-16780
40979
87322
30719
85121
-80373
-92989
28823
80589
93941
75852
80891
99820
-88075
29781
23431
-46958
86387
-46847
-3407
5569
1122
38883
-40188
-74211
-33864
87628
23264
-93045
-39651
94102
-82736
-98673
8512
47984
86449
-44771
-17916
-57640
-64183
-23976
-81789
43797
-97068
57226
-99334
26364
-89733
87053
6606
6860
-7378
34817
72832
-20477
-12304
-61033
94240
-89041
73012
-45411
32150
90277
-44084
67752
-34651
-57636
-77020
-25478
-15275
85887
-22365
-69975
-43228
-19432
87252
-42562
34021
24608
-55510
67716
58558
-35799
2533
31389
-29187
90229
-2554
-34947
28277
-29543
19642
-39574
87823
75558
-71823
80261
45012
78247
-45218
56826
-8778
32418
86851
47994
40075
1191
32521
-25905
-74201
4101
68900
84357
68302
-28568
15745
66205
88750
-86810
-68743
17026
-89263
-22012
4542
25649
80635
-40192
5910
25646
-61945
60692
-17529
29277
-79802
96412
-95640
60273
-2398
36881
61457
23401
-59019
30357
-65154
36373
28878
50592
2577
17628
-9129
-39077
61743
-71303
38911
-33716
54347
19545
26093
-39744
72281
64148
48037
-45249
-79487
-4675
-48838
51963
-44403
-24146
-11156
44144
99255
-43086
-98411
-65899
93287
-42444
11782
-77048
2273
29742
-16125
-35984
58440
49875
30300
12786
96510
-43608
131
68790
47629
75257
50630
-4768
-29419
28882
-52806
26179
-95265
-36873
97412
31079
-52869
26090
-7731
-59583
83646
-95950
90460
-14081
-39118
-98577
49935
-80679
51299
-92677
-40804
-25103
90806
59327
70776
38434
34583
-51506
60755
32254
77376
35039
85522
9200
25255
82933
-59721
72386
9022
32548
-87197
-7333
-36312
30352
5675
24570
31775
-44391
-29020
-89838
-37067
30176
-14941
-46262
-83409
82924
19261
-21737
-68582
-92895
-89484
-91207
42144
96038
-54917
-32602
6059
-14638
-60216
-84920
44999
79677
-65163
35776
10028
-32399
-39655
68892
-49700
-41586
79055
-59678
88590
91203
-78851
32270
74127
-32501
37623
-94456
-25396
48139
41427
43837
-28734
13599
38325
77325
26050
5198
19495
-28951
-15126
-18579
-93176
21991
-23889
94260
-82029
26411
-47327
97026
66733
68353
15318
87882
-72289
-83467
-44619
65334
49167
-42926
-59438
-82318
-99089
-61083
31282
39236
43331
-42669
-55567
-37175
28380
-43604
-28665
-37706
5476
-25464
83643
-49464
-99054
63405
74652
67680
31757
-10031
-17350
-13442
6502
38031
-48109
-44332
95106
-80458
-26650
23106
-41541
-95369
89431
-98210
89053
-66137
91705
-55479
-82652
90130
6815
-50087
-35335
-82454
449
-34389
80952
-24900
60380
-60203
-7842
-56970
26355
98660
8150
5336
81417
-69656
24878
81857
-19461
10427
13577
-30031
12217
2629
-69079
-68990
47151
75359
48229
81055
-74729
-87107
98602
-47190
-94406
79553
27910
65974
-80651
47158
36093
45705
45817
71333
-48960
-45677
28766
3007
-63821
-90695
-86567
49756
-93637
-47261
-47615
-62715
-89161
99536
-87357
59068
80590
-62085
71962
79191
-82186
77556
58743
-27187
-29382
5182
-80030
33801
-49114
65788
-67778
-70985
47200
60988
32022
83379
-2618
-27455
33134
3746
25284
12608
-31880
36123
12143
-19237
-4809
-80178
-54233
94242
26102
-36419
-1114
-88066
36395
-3407
17116
56365
-69607
-4909
-50759
89705
24106
96441
-22218
83217
6908
75164
-44239
-59958
-94002
8135
-20261
-25882
-55743
91883
-18029
-33463
38794
-45173
-39222
-35105
18409
-13247
-96082
81893
83347
-51877
-34654
40829
43214
-58323
30534
-32681
65207
-91685
77626
-27885
10568
-66614
-60754
-56344
41521
18985
-55137
12868
-62044
-46077
79405
76750
8751
67273
68735
-72841
81115
-258
36141
64461
47866
-98514
5290
-8921
70253
62913
-14512
35460
-1683
-36887
-92426
35974
-3501
73910
79630
65110
-7106
51583
-22023
30851
-94495
84471
-65311
14256
-21168
30513
-31496
-40053
-69745
31734
-75593
78121
-39690
-43214
96289
-69438
46788
-91135
66022
-54896
-28022
685
81079
-4433
-25406
-12203
87766
67489
66469
-34258
-74572
-936
77302
87207
40409
-43866
17720
36003
16081
-24936
-32264
-32423
80274
28046
-48547
76562
-14302
98241
85428
-48281
70435
84495
-20506
-21398
-92850
54088
-6512
94916
-51335
-40043
87747
-25907
59021
65049
-38700
-571
48272
79020
-64569
91442
-45917
-69743
86108
-65644
-14608
-62440
38007
71090
62891
-49477
49899
-39586
62108
-70608
39016
69258
83480
-67497
-8737
-67855
-80451
-93902
6238
78570
-1764
-5373
-94912
-53493
-99265
67609
65038
81908
97866
51146
43353
-16742
15795
-18640
-45653
-94226
-41028
-95755
-33812
-78921
-66363
-94797
17427
44207
64797
35779
76352
84346
41877
-90322
-9995
-59887
4306
-4907
-86291
5041
-37299
5837
-85962
87657
-43018
57391
-29086
-134
-61250
-47650
5641
-75188
-43404
71829
-54109
-82678
4122
-9593
61529
-31082
-73815
-35031
80353
-4848
-25352
-29643
-37646
6043
65450
-23937
38173
55241
81900
52211
42897
65971
9602
40900
-34163
-24559
93250
71478
253
76935
-29605
46145
94258
1606
63641
-17125
70524
89827
47845
50877
-15022
49582
48323
47332
-44376
-59138
50484
93797
96103
-40527
-26903
-33912
-74557
82699
-93013
-81631
-41861
-99764
16936
58393
77172
14421
-68374
-1482
-83974
95267
81393
86551
12182
-43674
-35484
24249
32997
39928
98670
15710
80790
49154
-63404
76892
35716
9693
-57021
61159
-7609
77056
6618
-22381
77293
-76447
-63989
54464
37974
94727
80071
54001
89994
-11448
-32360
-70736
-28032
-40755
53514
-95036
99173
52183
-52236
79963
1336
-15640
-16057
-62949
21142
-45988
25300
-86468
-68933
59007
-81760
-91641
82560
81342
-10088
-52377
76068
-30018
28713
-6850
-14376
96353
22415
57592
82687
-24072
-10355
81859
55200
37409
-11090
83626
48858
72854
47766
-30001
-73135
-99846
-89380
-42068
59161
-71139
93382
41721
-89798
-89618
16433
13359
-92546
-54855
-93491
-6922
68587
28924
-49331
51273
31941
-32597
-39780
-85771
-95188
49131
97855
53670
-50927
45621
50759
-96973
45775
61379
88049
4936
90240
81430
73746
27531
91813
-82733
-59110
99267
-37588
-52601
-7656
58088
3412
-29898
-63551
62442
37505
-76242
76671
-30594
-22
74526
50166
49051
-52765
924
52078
93010
-37698
-32784
-74966
79632
-51355
98780
-65749
67547
43136
-24859
66813
-94453
-50371
86246
-9276
-19870
83437
-45738
-57429
-51969
-21979
46332
17437
77999
-52054
94692
-45861
-4819
-4385
33306
-84721
57918
-99479
-59686
-35362
-50833
66183
-1111
43803
9319
74031
-62295
-58045
50749
-76050
-40231
-69121
34477
14031
-99461
9597
92052
-26040
-72967
70051
21906
-78275
51279
44176
-55571
-15416
59456
29436
-14894
26859
94074
-38638
-6959
-79948
32254
29449
21172
69959
-1506
-28080
20999
58263
-70112
-44525
-27707
-69572
65072
-35655
4388
19194
61485
53384
-31992
12763
-2441
12438
24436
84104
68963
36631
10962
63037
25082
31093
10178
-42664
87631
-68651
-72706
-13876
3269
48293
-55614
33158
-96233
16680
-9325
-4072
8114
22152
42212
-30402
-24465
37309
9450
184
76836
-66115
-15713
45799
70517
95250
-64076
-4402
-46569
46102
52934
-58939
77451
80229
27186
-19281
-44390
71572
40966
86468
-84660
58730
-17605
23454
-19118
51696
93052
-16494
-10995
-70410
83690
-34160
-36524
-32023
-88362
61082
90316
-52438
83769
-56254
93664
-36208
-15193
71114
-55980
-88008
78923
-73281
10654
-53023
-86814
25994
32797
-77329
-50552
-86322
74367
69589
-75727
-36629
26269
-92037
-43699
89745
-96971
-32061
-22085
93345
-57409
-38317
-62910
63344
25475
21897
34458
-3416
-39021
-59531
23304
71633
-85465
36490
-75285
47332
-13750
-98748
61010
-39383
-2069
12373
-48923
-75801
20336
7378
41033
-49546
2407
-81053
-56202
-27913
-19370
-92023
-64570
33195
-43037
69888
-70222
17942
37446
-19829
-83337
51982
43751
-58621
-687
-70000
69721
87413
-82294
-32349
-215
-31216
-8150
47210
3251
-67118
97664
32747
-48171
68551
-95167
-40451
76528
-59736
92744
60580
37241
49611
-21478
-25313
-70218
-77726
53758
73533
90743
80160
30622
60464
67572
48329
-71886
94446
44202
19965
41655
-52548
-20064
-33593
80200
31766
-65043
12122
18404
38574
52386
11147
-846
-83284
87847
4765
-81508
-82372
27039
72250
18250
-55129
52409
-51128
-94666
19981
24290
60538
-58485
-31509
-92409
83171
-56968
-12472
-50423
50321
46383
-88376
-37557
-35214
50198
41918
3022
76441
58634
-9132
-18795
77126
-64414
35334
49375
-19075
80205
-71127
29797
12628
-24057
81176
-26835
17458
-50334
-92154
-72283
-7301
-4626
-22705
-56981
-58244
-83992
-67449
-66369
-6705
74470
36653
-30264
33103
54610
50941
10229
17285
-86637
86693
98211
93568
-84435
28007
-66716
-81403
-63728
-66461
36056
-14062
-58615
63773
5726
36759
68157
-24165
5604
84165
-64525
-33676
-95451
-90056
30066
-25715
-29863
-15325
52315
80366
29050
65679
-5853
27260
59246
-63198
82356
19620
-44601
-81373
53159
18544
-68345
94544
-90594
-35530
-41609
77563
-32606
-8916
-11183
2870
57408
-6634
12814
-12527
-5260
82951
-763
-52946
-9595
55376
-87268
11642
-17365
-932
48444
-35009
-81313
30932
-16382
71846
-50524
15273
66389
-41118
6833
51869
63534
74227
-57048
79440
-22904
-99641
-27195
17000
-85079
-5366
-50
-58753
41689
17445
96624
54421
-70914
-20742
-46512
4619
-28662
-27825
62640
54957
71110
-87885
97319
37498
98087
4151
-10634
-11290
-21622
-40593
-31851
55474
-40234
-31956
-27527
-98224
62678
-487
70114
4366
44047
-6174
85877
222
173
66454
31930
71512
65719
-5431
26468
36828
-66226
-49125
-98585
-68140
55027
-82130
-52341
-66596
-22722
15809
15967
-35867
10942
15530
93000
-26381
42132
63113
5075
-86733
-43062
-9049
13489
57111
-42596
-54582
-44289
50212
39987
82179
-12960
73761
-66946
-11545
32711
15170
6325
80370
-24337
10692
-76733
18719
74826
34209
61338
67825
34918
3469
-41974
-60008
16736
14964
-41968
57314
99164
-57475
-97269
81965
92738
-30192
64143
-20223
70658
24286
-4679
3368
66545
28735
-89173
-57793
-60573
61184
-11984
41342
-77518
-50647
9166
57400
52823
67192
97392
96648
-90756
82513
-18949
35497
-74963
-89129
17461
-82226
-19321
-91307
-75360
78427
-39932
19961
-91117
-73387
-51304
-80290
95910
-84788
7984
-16075
56554
30466
33279
-34281
-12135
-86810
60000
-87655
36927
-3667
94858
45067
58919
-80106
55939
-23620
64759
63707
-87838
89399
42133
-27770
-63551
51017
-74068
-14855
-2184
48932
-72554
-94201
-67144
84000
-36646
-6776
76808
51219
-66497
36807
-9347
-2480
60229
-14490
-57414
19147
-67506
98525
22616
24342
62232
34778
13740
-68547
34098
50189
9559
60030
62423
-92625
8961
89869
40264
-31093
73868
30708
62131
-22236
-18074
22724
41660
-331
-79757
1888
12268
-37171
-78965
44762
88444
-29260
-30897
-22236
-94482
9933
9217
39616
87211
-81224
-73266
49634
53241
35696
-33409
-6496
31692
67549
-75789
-79089
-54688
-66773
43635
86973
-40015
-9033
-84051
72253
53797
-63016
-55896
-30671
-65186
-59704
47093
-59668
50229
-43691
7037
-35471
-97826
33771
-85838
55415
96556
-19247
76009
28247
75391
27309
49159
-79297
-12375
-80118
-92325
47610
10850
-76376
-53048
91736
87699
-8944
-38936
-77488
31352
35246
89934
-91330
91555
-3030
-26801
20819
57830
-85550
-23767
54386
-77708
79331
-90279
97684
6640
-14031
-81614
21354
5852
53151
-31036
43791
3864
-56995
35526
-81349
34061
23679
68253
92502
-41076
58186
28261
77568
82245
28549
-1614
40075
42999
1709
-78451
-7619
-18961
-68730
-9936
14768
17240
-64461
-63878
50181
15779
-67825
-6029
46732
-24820
-70504
65384
-90760
-19736
33636
28831
39188
-81089
-42908
16755
-98845
85641
42231
41230
-44271
-56061
-10132
48110
-47933
21139
65263
66836
65468
27891
-97043
15648
70759
62222
-90382
17490
-62599
66204
-17127
73731
-53533
43599
-70350
12744
62510
-13258
56588
63665
99473
-1182
-68016
-44799
42757
21852
30400
21914
70080
-77249
-11251
35547
50642
-81205
-48806
21400
8106
87902
65979
45507
54105
-51148
-53674
27661
92451
-24024
-59596
-17951
-10192
96993
72803
-10720
-77101
31876
-28430
-7254
80818
-98031
-85341
50897
51810
-69503
-86467
2451
-50708
-35273
50940
57398
79719
16918
-70007
-39088
-7141
-96592
15663
-87602
-20616
-16844
-5553
69192
-92763
94340
-41529
-69863
26215
-42870
22883
7032
-40901
-35369
85019
37998
-4872
98552
67538
-28491
90368
18477
55996
70086
62485
85989
58088
82433
89397
-26250
21921
95870
56906
43457
65062
64144
37796
50622
94281
-35989
34842
-55748
-1868
21030
8883
-16850
-40972
31100
-91210
-73435
-97392
99159
-27868
58604
-3667
61706
-28319
-45580
44138
88167
-44741
-33942
84036
-87835
-90485
-23814
3398
-25600
53898
-2322
-34500
-11261
-30981
63633
-90232
4991
73872
-31204
-63910
82663
-4638
65788
8910
67494
24391
32332
29199
23161
13842
-99575
11327
69101
93574
-4638
81266
30178
-1362
-15337
-95423
-47465
9430
-29922
41274
5538
60800
51042
-89472
34671
46928
73708
-55578
-57711
-33416
-19579
36872
18064
-87247
93160
-58776
26595
20674
52551
-77216
14247
75003
-95950
-55576
-99271
-84198
76092
-46736
-47678
-53831
21627
57860
34058
99758
-4522
95818
46685
96275
67330
16063
-37141
-52250
80024
80923
87593
73183
49237
-58724
-6143
-71124
-35939
35193
30968
95201
6707
31697
38092
-17202
12050
90414
-43944
-66324
-24637
17203
60524
-2070
13020
7208
-5796
-19651
50361
-15848
-44811
30384
92165
69871
-69344
41401
38237
-48398
-2634
29387
86795
-71666
-48324
-79410
-12880
89768
3388
99171
7271
-13467
59936
82634
30825
20459
-19437
-56155
54757
1856
-48717
5117
13098
6472
62590
5262
-96568
93246
73752
41669
-55153
-28883
-28945
58732
-73460
-50180
79322
13661
-60413
-90201
12831
46858
-3668
99856
-43420
54247
-52596
-35768
98092
-97840
-6822
-50626
-65634
-93725
-17064
96956
-61374
-13632
17291
39467
55126
62138
-89417
53270
-52042
64214
-96911
-72720
-22126
69766
-62921
17794
16624
-39500
-55262
293
-85254
-7858
64526
-87163
-5698
-42297
89302
-44243
91068
99327
79803
-70307
-87217
-2907
69160
67909
86320
6832
-51733
-65722
-28955
-48644
-38442
-23992
48211
-74274
20891
-35166
-13774
65630
-7783
973
-42229
-43258
-59101
-20837
-58466
57290
34920
-67399
56616
-58189
-37706
69399
38904
58543
-35604
-47687
-34626
-60248
-86320
-36491
-81803
-97673
-33394
66409
-71947
87498
58332
14279
-19784
-49452
42341
-34924
7290
10330
44239
-24087
-32381
-93752
8514
51325
-51941
-2103
-52188
14053
83529
12209
66366
-51097
51961
7135
-60499
70159
9462
-66804
-36344
37515
-79307
-78013
78883
-72002
-27464
21224
-6925
6915
-68447
64403
82829
-73739
70651
-81569
77586
-81290
-56582
-74602
-40148
-73054
-35304
53307
-97062
-83344
-39559
69529
13904
69903
-97275
4649
7417
50508
26637
-13701
78507
26262
34612
-28419
-66824
-6746
63073
43094
19516
33724
-11385
-2899
-20477
32033
22499
39375
-13932
87195
-7319
-10993
30941
53122
-41465
71934
-49887
-38740
-23417
-15381
38858
30309
70918
17364
-43430
-67381
16034
-83165
25873
-20894
59930
-54612
39919
75634
-30421
-80559
7666
19167
58816
20823
-66549
78586
-90171
64392
-41204
95455
-36586
8909
83804
-32914
93528
22661
97395
-8465
67114
81054
24154
-16853
97890
77116
-10657
-15092
49594
-70739
-39459
-80828
-51297
-4704
-34572
34608
-83882
-1121
-59717
53038
90360
-921
48492
80864
35078
32295
-52051
28605
82046
72434
47229
49159
-19424
98472
-67694
-21535
75588
-51262
-9538
-47730
-22001
-21908
98532
-46209
73388
-36041
15489
16596
62839
55772
-30367
-19713
81940
45214
-38850
17017
-95403
9100
-54378
86643
-91378
92851
35802
-10802
18412
-4803
-5247
-6001
-28976
85215
46269
49023
90397
44800
29904
63784
35848
-54608
-92532
-74225
28253
-95810
6063
10192
49404
67213
-72791
54002
-96599
99921
-32267
39113
19860
30624
-71689
-61729
-74180
-49847
-40641
-76067
62457
32717
72957
52853
-95395
-70051
-56274
40454
-97570
-48806
66229
30683
-44615
99381
67964
-95212
66594
22262
-14121
69995
22182
53613
9108
69132
-15764
-35492
34492
-62854
-58250
20941
-38921
-95794
-46343
61125
-15851
-41737
18163
27875
25806
20593
6158
-80877
-48725
61543
-81496
-80761
-6579
85098
-31410
6389
-17819
90773
87091
18378
-13007
98417
9975
48574
62652
51725
-30486
50820
-16979
23172
-60966
67170
8524
57197
-4956
-65671
-22210
28291
80542
-43846
-10166
99046
-97518
10344
84143
-28927
-83268
93414
88935
30913
11791
-96984
29329
-78234
51590
-8020
73491
-78896
-57201
83601
-28635
-18167
50770
6978
66120
72903
-31604
-56091
1194
-51063
-72848
18117
-52017
-70365
-71540
59215
708
72282
52628
-83269
-69717
-35581
-80253
59612
-86726
71337
78681
13854
19530
48570
-2545
17984
-69598
-51776
-75039
96522
48217
-79554
67520
-50590
-30616
94673
67527
-55544
-75693
23076
-96330
-47896
-77554
-16612
-31165
-47270
47807
-11418
39431
-11830
87008
18112
-97977
6538
-33319
-522
-75479
-75828
-25208
76573
47784
-76992
97019
15303
99508
93492
-62936
-5877
-62053
88461
44288
68708
-59436
-6177
-47905
-63512
-26358
26991
-47841
-86927
42250
-60833
-41726
44273
45705
-47956
70841
-2685
-23784
72722
-26113
51089
22819
97996
-33608
22326
18576
-69455
43538
-16387
-80994
-12175
-47680
86660
81648
-68496
-76852
-44710
-14416
-24693
95453
-72167
14474
-46274
-805
87268
5770
-29965
-15417
9075
69846
-14441
-39836
-7336
-16446
-46355
42079
-97870
-15810
-14384
-14257
-69715
73441
-34848
-83055
-17822
-76255
67183
-35443
9329
69579
-39991
37162
-88858
13735
-63644
98410
46594
-66519
-89919
-44332
-96674
-4359
15832
-4009
6284
69477
65159
-64497
80757
-49225
-51665
-88959
51305
-59424
55076
-66518
-35679
22258
-74872
739
-81074
-14863
-62100
-69932
25961
-98654
55567
-27446
61917
65649
-44688
65243
88379
-1767
88323
-78249
-32290
53482
-42745
75556
31346
-67321
13686
-17350
-99655
-31238
-56778
-35334
18109
-31650
65406
37035
53488
30395
67103
-93463
-41170
-50241
-20908
-79254
-84593
-38507
13079
30875
59726
-71510
52626
54525
9061
36970
30080
-59594
69650
70856
-49854
69995
-60383
-6632
61750
-15185
61718
-45756
-78150
-57706
84640
16042
-51168
70559
65801
-44987
18395
8297
16506
-68527
-60829
-23769
87053
91798
57846
-3886
28767
-84986
-36391
-74495
85870
13755
22589
-74514
34212
-88572
10302
-4070
-34328
-40759
38224
77401
2372
14145
47960
95263
69158
-33646
3559
-87248
-75084
-30180
-83927
39058
-38383
73919
62261
17473
88933
-74130
-29932
74803
-33286
19746
27378
-99074
31174
64769
-3144
23936
51099
62169
1336
-46529
-96597
76385
75823
72561
69828
-20619
12403
94744
49201
28476
33802
37907
2394
-76849
82470
-81585
-50979
-47463
20307
-57175
-628
74775
-56249
-69454
39543
-32304
54482
-82269
56954
82907
98292
60357
59292
74114
32918
29119
-46506
-54680
-49048
29785
885
11843
94781
30368
34994
77250
48783
11105
56876
-30910
53930
-43752
70954
97681
-86117
10496
92466
-4546
-44684
49419
-21640
-46393
9776
64741
-72280
69783
-6140
-91696
42192
-28099
-34822
-56924
83744
-40042
73444
-54174
-62792
-50685
56931
21173
-54506
10860
77421
-83553
-64371
91304
-45967
-71906
-86154
9349
77514
-7793
62957
-85622
-43053
17766
84161
-22104
26070
26352
-23114
18337
-3483
87719
78296
-30040
-66455
42593
19275
17565
-36235
64770
55515
68276
8306
91144
-13332
62339
46328
515
-28312
-49070
19811
61734
-34692
3847
-20501
-50532
8833
32659
2909
85719
-49005
99426
73438
56380
96475
-93018
-1028
-57162
-48364
-10173
34697
-92850
85192
-56997
98295
-28141
-94659
-28289
-537
-22971
22641
46363
65852
87949
-49790
-54649
64506
59043
5099
-32586
-28150
56094
93929
-54713
-60437
90403
79359
-34376
-66760
-69005
55451
67938
-61855
-32269
-89060
63529
-33320
-83719
-64761
66143
-79600
-15031
-60405
13341
-27083
-10195
58692
64512
75937
90880
-68075
-52214
-25937
52943
-6926
13626
43345
99522
79250
76586
-69484
-38210
-28388
95752
29521
-17448
59280
96201
-74078
21609
-10567
73412
33667
29028
-13247
-93416
-81168
72534
-1815
21858
63414
30111
69644
-62524
-16947
89807
51102
53488
89329
-42560
-42838
46934
19230
28774
42685
-51249
38415
-70946
-55049
64337
-22248
34384
-35162
-88582
90501
51591
45092
36422
-48787
-56723
-41721
41716
477
-72077
79192
10619
44819
-42618
-35894
34147
14823
21268
-18919
61142
-49959
-76235
-90108
15545
79909
81934
-20118
-42340
-56594
44720
-30921
-66093
-76601
-85830
70329
-98299
84537
55698
43418
-14987
83621
-50302
95633
28439
-65830
-40262
89676
-23918
8096
-29244
-62777
-14774
-78390
-52884
-99229
-98481
56139
-92258
86269
99545
-20449
82437
60541
-69961
23697
30870
-68260
8233
-13433
75158
93247
97277
-75144
15968
-47196
-40974
2795
69569
35108
-89110
-59676
-580
-76794
89025
-26375
-76023
17633
-70237
58809
3901
-70692
-61641
-86573
89849
-31602
37124
-52193
138
72446
-38537
-97615
65692
85829
54331
-91252
65723
40446
11544
35291
-97358
22434
75616
2062
-27271
-8271
75688
-76205
-90639
-94550
82604
-59649
61848
-79038
-46222
-21214
-10640
17991
-46318
16588
-9563
15146
-53938
83218
-71937
-99608
91967
93786
-32073
3510
29077
-29431
53033
-68219
-280
52852
-49401
-24593
76647
-40040
-92053
59251
-72600
-3116
80213
-91732
75670
96663
26259
-70648
-59661
43785
-28413
-13599
27003
-350
-86118
-53942
-79475
-18191
-23343
-23309
52378
56779
-64439
79187
9630
-13840
-45406
-13723
-26791
89631
72617
-72302
-13486
52829
-64034
-37816
-23420
-10685
-81375
16919
-66901
-9788
30409
-12809
16951
44291
33249
-35435
53189
-90095
41256
5566
-6226
76817
-15247
-96597
90066
-33564
-83231
90364
-43934
89386
-81938
-30331
-30696
-45972
-41058
45884
43343
-22433
89893
76443
-5132
-52610
-36367
38909
91682
23972
-96527
44870
-39034
44730
77526
54740
-51365
89368
-14767
65791
82893
2002
56154
66048
-81523
74216
-64284
-12219
55334
-5341
60754
-1324
-685
50646
-97793
94184
98037
92931
33092
16807
16902
36565
88766
4957
-91617
-6620
-40303
84109
-17253
44930
-23012
92729
74021
60231
58776
92498
-38464
21582
-19722
-83131
-83760
-58968
-57366
-57356
18767
71932
-63173
-56108
64862
-2992
-12212
-91148
60663
-23446
13809
-3865
-2977
595
-92668
6860
-54476
-15680
-412
46635
-55449
85454
39132
6087
7035
46500
-49955
-49636
87532
-7321
-6992
-66613
-35390
-43075
-95631
56561
53933
-7843
65413
14595
-4200
-93689
37820
92824
-66005
45152
-317
-93391
-70528
99271
53244
-98888
84724
-7625
7199
-8242
-61126
-15667
-30789
53495
77012
62220
13972
68712
-80856
18341
25272
166
-89503
-82226
41851
6298
51175
-20330
-879
85170
-75179
98804
91779
81383
98074
45022
82495
9887
64487
-83218
28734
-96640
1115
97946
-16055
-21873
-12746
97917
-53162
6398
16257
-801
33653
-46157
16973
-24497
60141
-31853
55173
-40739
80407
7084
85154
72185
-11534
10317
17207
-29039
-79797
-91218
-12257
48937
39232
15948
46882
-76824
94075
-65865
48182
68002
-32378
91528
-32800
28365
-54629
11263
-96133
-94489
6499
-13870
91863
-13095
93214
77016
-40910
-91232
-12668
3386
-20271
-65376
12168
-5438
83562
-48601
-89491
-42468
-98335
31673
-81243
49847
-73237
-86532
41375
-78948
41833
13835
32315
45701
19346
65904
58920
-61703
-47192
-20778
42403
-61013
-12010
56824
42373
-5191
91449
81630
16460
2099
60119
26969
59631
61784
85731
5477
-61281
-87507
18946
80094
-66455
-39222
-6072
-7050
33568
40364
-41147
-7513
5750
11661
-1202
-51848
-22262
86789
-95024
-79890
-91314
96425
28830
25146
-74388
-11052
79204
85243
77821
64934
-9280
-83461
4516
36755
23723
38061
97533
44740
-68990
31101
-87808
-83048
50677
17943
28614
-50525
66095
-93649
63353
71071
53551
-872
-5416
-90531
-75727
20196
-74494
30566
-67472
-96674
-77412
-49663
-80134
27104
87092
-29322
92254
11713
-84583
50354
69903
-72390
67306
20580
45553
-4081
-2856
-61264
-70641
87586
-90193
10000
-13287
-68520
-53442
-61925
-21234
-27935
68641
-61617
-24609
91229
-11280
-77654
-54579
-97100
-6976
-62326
14613
8442
88028
-15484
-36859
-17577
32185
35783
78342
-70672
74519
34791
44003
11415
71880
-69285
42896
-81563
-31210
48751
-9498
-62570
87134
-7017
55748
-97058
15329
-98832
32932
-91647
65932
74634
-56116
-18951
86239
-65886
63472
18423
69897
-31098
-25160
44415
30782
-81158
-44170
2661
-50443
25815
21099
-54564
-25435
38690
-17134
88788
-68328
65703
18819
47002
-6040
-48250
-17556
-40108
-73617
-46583
40941
-87378
-12469
-68499
-41866
-42573
403
32975
28931
-68815
51817
84761
33846
28464
10575
82034
73900
12229
-52187
83856
-71895
-20515
49558
46924
53576
-56482
98674
-63981
-69501
-74943
-83475
-1471
64769
-68855
30030
-77098
-11428
-69568
55877
-82497
88707
-65217
29353
22553
-9664
67018
-68325
91325
-20754
-20512
75180
7352
-13937
-48173
81365
-60362
-77566
80039
-97253
-47067
32185
-80728
51462
-3047
-49582
-91420
-53056
-33921
-60988
29911
-89329
-72281
-8217
-32886
-22639
82119
-65869
-63875
73443
-59534
15614
-24288
-25093
-98324
-45372
-43728
68404
-22938
-63690
71151
-42916
-4416
17513
35635
19626
67931
44215
66570
61099
83227
-3520
71771
38035
15352
-61116
42485
-2530
-99896
78611
98003
-59430
-78687
-99197
15478
50079
-44569
71750
18482
-40418
35149
-10367
16666
-69268
-92855
-47700
50358
2165
96515
-55984
-36737
6830
-32414
62123
71955
82938
28096
14439
-92503
-44711
-6951
-94501
-4140
-58549
33392
38427
91530
88823
-62735
10012
75494
72414
26734
-7841
30235
-39032
-28452
-92319
63133
95152
-48303
53485
1981
-53628
-57303
-26065
-70690
-2118
15464
-63193
53172
35602
69396
76121
77054
-70124
14547
68583
45788
51812
-94317
21281
24225
32417
40529
81549
93385
-87924
89230
-16394
-92773
68016
64181
-63703
-85612
-93123
-62678
70788
-68152
52786
34684
85020
-11613
-68832
61140
92530
-38956
-24314
61113
-93169
54587
-6115
28112
-94100
-73698
-31360
87449
46776
-92195
76678
57472
42122
-28217
21652
5508
-86740
-44382
-30081
84048
-12534
-77296
-54180
99576
-61819
-23012
60715
57800
38032
63491
-53999
-28048
-54834
39887
-99937
-48933
-6722
95793
-61485
67143
30687
42283
24614
99898
-85935
-53735
5405
-72675
-71028
2414
38462
16439
25118
84282
16014
-9612
88359
-96183
75278
-46521
-5603
-78722
25431
39564
61165
-47417
90631
81532
75465
56235
48675
-66760
-1483
-26712
-66863
-60329
-53357
-34369
94086
-24385
68045
-40364
19143
-79748
-56083
62246
-62271
59365
-6847
-86994
-87157
87550
-65715
-34637
-45798
22539
17946
-55168
4071
-6590
28157
-47255
-46261
-73327
-46878
-13124
93435
-73146
-20403
87520
2470
-52359
-52844
48702
-32107
-81838
-61963
-67288
4617
31190
-54282
17460
-54172
-92908
82824
31
29632
-72142
-28048
60792
-51642
-99892
40626
2097
53872
93748
88974
47306
-79398
-31430
34825
-49839
-56700
9070
25952
-61717
-45678
63989
-29005
58939
-4822
-56198
-23602
-31904
-49105
86311
68127
80527
41259
67168
-31593
89617
67277
-90968
-8287
21148
29869
-92225
95543
50471
-96566
-42544
27721
-53265
66527
-46327
-87893
-79152
44751
-16898
79787
-60071
26904
83274
8025
4888
-3326
-96760
-87497
-62068
70408
-19090
-72452
-35227
-10058
-53650
85921
-80189
81216
8552
-2629
84650
66009
-74908
58474
32535
-94146
70581
-19528
50605
80772
87348
17623
-65235
70621
52737
39653
94384
55977
52157
-67685
-46526
-66934
86953
18247
-49902
-66697
-68743
96999
-85482
39809
-5631
26257
5817
-53450
-15269
65441
-47596
82401
-54088
30099
-9738
-66741
-52279
25027
30970
27548
-35321
25353
-89387
43925
-15242
-35913
76992
-28290
9424
54179
5013
40681
51177
-53380
-92422
-54455
72878
13396
-80815
-42392
-94075
-28411
67098
-48162
28777
-42641
-87814
3588
82386
-29755
-68865
74155
22688
-58252
-54832
-92555
5836
49249
-20845
-84741
3427
11258
-16971
-45397
57878
-9393
-72762
30755
31092
-53577
15452
37018
-54899
-17450
15945
73879
-33002
-44780
-22534
76474
25466
-64310
50628
-51847
-22562
95796
82688
10363
45045
-38158
-47289
75561
189
35740
57254
-41933
53437
84492
15911
-15472
58004
-68637
48635
-96896
-58998
-35421
4072
8000
19800
8627
-15527
72355
44317
62190
47597
48845
-14925
30284
-40793
57209
19215
11919
32769
-80596
74748
-9978
-95440
28184
-98398
20471
-87288
59606
51834
-11564
-10200
92836
53016
20961
836
99905
56678
12398
72259
994
-25412
19855
76928
-13248
-49862
-63865
-56040
-3558
48054
76729
15846
22801
93841
20406
78075
22532
-59123
90787
-17862
19800
-93689
-973
12636
59327
47077
40561
59231
3754
80048
-41422
31838
81725
78433
8765
-31524
55660
44900
12436
-47898
-79958
-83746
-4963
-30067
-89906
42533
-51993
32626
83410
65883
41853
-69702
72194
67969
-29977
-41390
15046
37673
-82160
-81201
17721
-96492
50637
-555
81941
86492
67922
-35310
31391
-92554
-56119
-21477
-76300
38918
48456
60884
-18550
96463
-79401
91949
-10566
-10459
-77753
-38373
-42490
-80641
20237
72556
57033
-34833
18444
-25247
-31325
96171
1287
77705
82662
96298
69484
-58859
-96256
-86636
19664
54534
52283
95209
15418
60822
18760
-36894
-20140
-91807
52647
-70804
96911
37246
-51445
17147
-63110
-94413
82314
55335
-92571
78078
-21406
-64194
-17128
-38745
-67897
-47645
-70515
-64153
-34280
-23761
90382
45092
-28553
-67112
-66998
17297
-4006
12862
25490
-51360
-30853
22400
12976
17703
66637
49866
-49621
-23961
5200
84899
-45883
83794
-79296
-35922
72138
-47193
16433
-98377
-84256
9242
-22138
-93875
-45667
-23602
66103
-85575
93695
-37904
-45624
-53726
-62175
23524
68674
50801
68316
-37601
667
45784
38439
32956
30682
19645
-56161
-21525
83723
-84024
-41628
155
44689
-25884
-90603
-77450
-92670
90820
-73962
73433
-94756
-80268
62618
86711
93096
-99558
10234
61770
-21667
-94362
51258
6089
51422
-10304
-60956
-90807
-90660
-17117
-12332
20152
-74051
46040
47397
70638
47245
-16117
20278
54575
-25298
-26595
-44904
-92964
-6863
-82287
93747
-13767
-81844
-68931
75092
-76422
-63293
-46562
29667
15218
43135
68711
24411
-20436
78684
39169
99717
31722
-87703
-25798
2359
59543
58085
49726
-58794
-67214
-76870
-3697
66912
-56643
14016
-12253
-43321
-40739
-54095
58860
-17161
-17388
-87703
-87495
24920
-17479
8306
76420
62086
-13011
15588
-11109
45800
-45025
63093
-51842
41607
21177
24974
82813
-18948
48104
-93796
75054
18550
20221
-37200
75229
6571
8706
34088
16500
18407
-26525
-43906
-56674
55996
64400
-80254
-54830
78478
-37577
34061
24277
17398
-75758
-475
-40996
-27492
-75502
68907
-19350
-309
75111
-44297
45331
-77580
-54408
20559
28992
54298
81737
-54509
99795
82301
-71326
70210
38296
93075
17045
83467
-1359
6558
-55384
-77082
-76045
95949
-50468
-89951
-31544
-25970
78956
49106
810
-18845
31898
-53860
3576
77491
-6211
59657
-41123
-97386
32237
-41329
12004
60911
55971
-49701
53985
-26985
60855
79716
79573
32561
-97367
30618
28509
-47835
-32244
24054
-46716
73801
-99751
-18817
-45045
32147
-45587
-14380
9637
-24709
-54724
68515
-22095
77513
54275
16998
-34487
10245
67297
46587
10350
-44759
26302
-82989
14891
-43976
-25282
-56601
8189
42474
-5458
-11438
-56637
-5209
69746
-1681
-73062
51248
83939
36575
-73462
56305
-67822
-68468
-39094
86454
48530
26419
-76213
-57085
-26994
-38774
-1844
26397
-21762
-86954
82422
-19955
83535
-9390
49609
-21923
6262
92972
-43
-96904
-8710
26895
54344
-97682
90560
80882
58623
-77263
-87587
46618
36280
60943
-26963
-12843
-96143
-26868
48383
-70897
99529
53710
69239
81950
-66245
52774
99650
83364
57940
-67000
76335
-42104
-63904
94715
11881
90440
97033
2440
71321
-17256
-47734
10823
56451
15636
-28235
-70513
-97208
-97289
-70292
51175
-68186
56327
4885
-98947
-34635
-34271
-19084
92104
-50908
-61145
-74897
52516
-76160
-38801
47230
35721
78728
-28649
65250
50048
-18816
-82484
-39130
-62365
-39759
-40276
94212
-36967
-37564
51010
-85793
-78661
7336
-53819
-77608
72701
11910
3308
64805
-11909
-30748
89908
67697
-6907
78197
-57985
-71187
56924
13367
21153
-65939
21640
38669
-77980
-13636
98910
-91166
-19424
89032
-28730
-68415
30328
-80302
38921
76510
-57909
-61290
-84492
-27512
30604
-69311
41741
-52399
98386
-65167
-74203
-59600
90736
9810
-19144
11888
43871
-97504
77646
65892
-11140
3644
74726
-3475
-7325
73085
-44801
-76997
92783
21209
26602
61963
59920
-30801
-65549
-9477
-112
3281
38124
-74638
-34797
-8990
92853
-44062
-99180
-26292
-5084
44691
-96707
-27439
-62329
-80757
3295
39486
-57143
95970
-60341
-1943
46062
-67558
-80735
99753
21494
6274
-31048
-16966
23887
-4071
86315
89100
21292
-48483
-19890
-58767
-65455
-19070
-57970
29461
52710
72414
29111
17471
91657
-67595
-43044
61603
55465
-3384
-40341
-71385
-43853
-93986
-71632
4730
-60623
-2680
87765
63264
20338
74079
52364
68719
52686
-67527
-90049
87231
-59508
-48018
16691
93202
-75605
72891
-62239
43141
-94704
-5282
4743
-12150
18423
-8508
16465
1659
-75405
-28078
-93612
-36028
69242
21242
-72764
-83331
-4679
79600
85388
-51994
39162
95340
62326
6743
74411
-20984
-56
98806
-48094
-35205
-30965
84292
59513
867
99231
-94976
19448
15696
-66228
44043
87618
-59840
-91985
-16051
61403
62341
618
83813
-30971
-86906
58908
35280
-91567
21233
-57978
82844
27338
-30945
8738
6333
33850
77773
-82286
-79549
-94271
-83056
-74525
25177
32640
-40753
-30780
-52653
-73503
-95676
-41615
14989
-6246
-13908
-74110
62783
-814
84798
-74849
-65291
-66881
-32827
44642
-12454
36228
-46620
93879
97168
58242
38682
-82382
63971
55627
70184
-10852
-84645
56520
-14543
-37298
83017
-83130
-51824
-74906
10624
34268
-49016
-99505
-66546
62871
-74354
-31837
23079
-80092
39894
-89376
-16775
93274
31593
-19608
-21395
-29726
-1989
69665
-74100
-31806
85902
68346
-75287
-28642
-68953
34820
-11772
-93687
-12997
25941
40581
37988
26436
1124
-72053
-20829
69287
51027
-921
9181
-11260
82305
-70457
-79668
-37304
-64763
-82304
-12204
-95098
70686
-16921
17893
39031
-65118
89252
-2832
69702
-95432
3481
83794
30510
-55939
21781
84035
45186
-23182
-36794
-58439
54934
62285
-22169
70763
-28322
-65536
18185
34375
-30299
35881
49260
-98308
6566
-67661
19586
72687
-32779
-64074
-30146
64012
67584
424
47805
-74818
44485
96676
-90783
-83241
-99418
99513
85411
55516
61797
90331
26278
-66525
51884
-55538
-5061
-78415
7432
-55802
50367
-86002
-23463
97042
13774
-29153
-67033
83628
-65142
27641
-15949
9753
52823
55625
-66483
62040
-526
-65901
-11359
-88027
89615
-49562
-97697
-57019
-88998
54188
-85467
-66970
2862
21965
-22772
80318
-36948
-19145
77360
76826
-21209
37416
-12458
13650
-34944
71593
50492
-82121
-45693
84009
7008
-19130
-81893
95650
-7157
34811
73177
-77765
77792
11268
3512
19414
44298
33463
-58621
48615
13781
4431
56559
-81771
-91654
-64650
55645
-4112
-23911
-79299
94571
-73420
65670
75967
37678
-27323
-43164
55785
95416
-23232
-82316
68592
-73908
22565
-93052
-43306
-58021
51246
90157
-16642
-73050
-68974
14878
83509
-50745
23224
-81142
31990
46202
-5053
52691
40772
-51384
-54551
16738
86294
18126
663
-30833
-59369
77431
-13149
36312
30612
-90584
43261
87306
78485
-78405
77463
88932
-51455
35578
3809
-67946
11923
54123
78002
-56088
-72587
-27051
23692
68185
-51346
69141
-87989
-65052
-85645
-60237
-68796
82076
-82807
18056
18388
47805
-45439
-38352
-37800
-66955
-16757
66752
-78024
-41122
2329
-47126
-9068
41341
-93004
96023
85253
-65591
96061
-63967
29683
-55285
32263
-31217
-93248
-26292
8546
-62044
-44217
-47172
-16899
74171
27723
37662
62908
89923
70707
73241
56674
19772
-67882
-40998
72647
-49861
-99657
6732
-53839
12685
-31769
-57778
-24192
25003
-85974
-91930
93787
-79222
-18222
2332
-41266
-35349
-17750
41836
-61179
-90028
-93414
28819
99895
4383
2059
56568
-75846
34177
42659
23890
11405
-29909
-69378
57566
9866
-74058
26877
85674
50945
40903
20833
-28180
-11230
-97389
1242
47505
-32738
83492
-83571
-66828
93464
-76985
61991
93358
-45513
91139
-22986
-21358
-47596
-80328
-97469
63809
-83147
60243
-51536
26719
13274
75341
-60519
-35781
-56667
60314
-36872
32103
62925
64370
-93304
57276
47861
50215
17538
41324
320
-93383
-38230
54807
97757
38784
60538
-49840
-14454
-9841
-86031
2399
-49599
89523
56207
-9235
-8048
95688
-17927
35285
56001
45201
94478
-53985
9571
28263
30380
84521
-21522
-52083
25845
5887
-45465
87615
-39307
-47709
-46512
-78769
-70460
39034
11390
70599
68522
-11120
60121
24728
79645
-47927
20415
-38283
14447
-23585
-93082
8924
-50481
-56422
-62813
79900
-71902
-57246
-72184
-18968
48641
-90560
-31353
-90667
88821
-50776
57654
-81639
88258
96133
88960
56779
-14987
49081
-18494
91747
28243
29010
-46536
-57311
32514
87472
-21297
82034
58139
15890
61933
86237
-14267
89749
-32731
-65627
26279
-36995
70796
15099
12229
-44461
-39451
-72425
-48329
-50491
11443
36684
25679
92949
28431
81011
-50953
8984
-76301
81561
-76456
2402
63594
81683
45381
25526
-4992
-68887
-57636
62277
92576
68643
52371
63372
-89170
91689
-81090
-28620
46353
-29419
-52022
-42205
34355
746
77833
89875
-18244
-73121
-74053
-67456
-91560
-50509
-37964
72034
-68827
-92584
-75351
26181
65620
94103
-84453
58195
62745
-4993
-51345
664
-13304
-32435
-867
-66952
-34764
-25800
-9156
26680
74946
-31324
16554
83791
-77355
42501
43425
-68915
19081
-94540
30208
50254
39966
54857
-96477
-67326
48959
-80930
90870
-61208
14078
-60476
-33454
27863
-65821
65679
60911
-73496
-60121
78844
-19727
41914
74610
23916
-47206
97255
93506
96219
-71661
12586
28768
-14364
-37161
95823
67583
-33638
-71503
16541
-87478
46456
-17577
-46311
85980
-23942
81552
47248
-58264
-30449
841
-91296
-51605
81114
50619
-76996
-67882
30502
-79742
-74377
-46191
75687
38209
82577
-38678
28137
5488
-71096
21589
33985
-27465
34111
-19560
-17953
87800
93510
58105
-3560
-32154
26930
65991
-4223
35635
-85615
-96021
-86658
64479
-63902
43844
11826
-38279
97653
-85399
99931
7318
-96987
28067
39895
59007
-50345
-26120
58631
10855
-18591
-59323
-74257
-25082
25871
22183
-30146
-47199
-11826
65631
15525
-70352
69610
28867
21217
-94293
99800
-66958
94519
24541
-52356
94449
58948
77747
-50396
-1158
36753
-73651
-189
-4616
37204
81221
-36850
-9963
83228
89022
-87781
-46919
68912
-72518
45801
-15564
84221
15411
40392
5437
-51793
-32720
-34432
-57275
91821
-59699
64263
-22143
-81953
-86133
76699
54801
67306
-23490
77274
-68402
84820
-59577
21635
68047
-70556
-39056
48218
98356
-84485
-5982
-90120
99736
36518
50272
-67739
84726
-82449
-75081
54540
36461
-34780
18803
-85683
-89643
-40241
18106
-7753
54154
21705
-30480
85752
-66387
9943
7387
-98341
39388
-4580
49877
-35168
10935
70985
-25287
-62240
7502
52074
97111
-80684
-3285
-77971
73857
60265
-12750
-80252
1672
-75304
-93404
-80223
16943
60750
-31429
86463
46501
2184
-3595
80977
-69068
62882
-23604
7899
54804
14421
-21117
56606
-20730
13474
8679
-23620
32791
-94607
-1590
-66264
-7252
12749
80574
94420
37445
87170
-85804
-45613
-24992
-90144
67939
48598
12040
91433
29575
-29939
54315
33060
77960
9118
74570
83932
92813
-46161
-2594
1491
30220
-69804
-66026
55719
91022
26722
-31533
71595
21141
33001
58764
-37574
14477
60861
-27718
-17585
9458
11411
-99064
66122
8561
55251
-73729
-13479
91458
-99160
-29548
84270
81770
-5053
-87150
-60922
25143
-53176
94797
16164
635
90353
-12242
48865
-49558
73611
-88710
-7992
34471
-89339
1512
71019
-50839
2448
37140
57722
-42301
63411
71332
76246
-8659
-58216
-12395
-99801
36731
455
-60723
88964
-25632
61163
-67784
2092
-21396
-52936
-49044
29046
47764
89336
-78947
-90676
99997
-50346
80343
76247
52102
17482
33968
36890
-92018
5300
13136
-677
-25827
27830
-73389
37993
55374
-34112
-45955
56831
-72950
-86649
-41078
-67257
-39585
-63033
61789
35268
-73698
9931
44592
53388
59585
24934
29634
-61225
69506
90691
75666
77488
-76921
-84110
-96101
-75659
43720
-69490
62335
-907
-76513
43469
83013
77627
56820
-58066
-89631
44324
-21099
-753
-20408
-67708
36267
51273
12769
-77060
-23793
-57598
-38285
72802
60182
-62620
-22622
83262
80360
-18723
-92398
24079
-61124
-2974
50261
89453
67585
33273
67079
24404
2296
77448
95818
8286
-96217
-97502
40578
40050
53771
-46654
62990
57067
-77163
51794
29868
83020
89175
-92755
-6630
-3377
-84389
-71939
-79298
81577
25088
-1948
71029
-80239
-68675
38107
44165
-39290
-57357
-32929
68997
-53574
-30431
9574
86476
-76660
-9990
-23446
80407
12847
-71652
-62636
-77045
44612
-55391
16325
-58766
87311
44387
-38064
68887
96564
-12922
39916
-83676
-54508
-94889
-12422
6202
-52245
-18261
-24802
-78730
51308
11862
-92254
74648
-98129
-88611
-17856
14718
-60263
19508
37674
84349
-8794
81088
-74417
-21484
-47437
-85392
74493
-50874
-71225
-58503
92540
-25733
-53392
-92793
80470
-78548
-11054
82757
-57277
-59747
-5382
77559
41991
-76422
88948
51224
38297
-71315
-29269
-96941
40123
61937
11236
-7205
67543
63800
7404
42035
40015
36179
83532
32555
37536
-69861
-33149
18005
78682
55797
-72150
-78596
23139
22469
26052
92219
46047
14999
43442
-88568
-29227
41262
41581
-89104
-69712
-47183
3691
97831
-83384
38184
39865
-16280
-98548
-49515
-83726
38988
-92287
-89786
84082
86395
-6900
39021
34888
43329
88579
88029
35547
34626
3028
-93922
-26853
890
-25571
41818
-61125
4717
94635
-30344
-70364
38340
34929
-3410
49149
36381
47075
-7487
-97543
54789
2727
13628
-31728
95828
-47351
30250
39156
-58773
18278
-98209
2942
48395
34959
3179
-50715
-90612
-55004
-84751
-58806
66720
-15095
-29169
-67852
-80166
67421
81297
-16696
14496
-26191
-87149
96374
3626
-46432
-35355
-73458
-66694
94895
65698
-98377
13173
-5422
4565
-38433
56627
34833
-62059
66015
6918
-46809
34298
-99274
38096
-94872
59964
-14981
72550
-31650
-4587
-12955
-30752
8264
-16582
72874
61832
-24848
99416
22228
-29953
-7798
23851
10309
13870
55505
-1035
97586
-9662
36907
-9311
24345
90098
-75014
-47839
-44718
-69885
-87876
40302
-97336
-92437
62804
-83202
-23188
-28933
-72695
76775
59988
2457
3280
-17785
-407
22571
33155
-90099
63530
-11340
-64044
61115
6087
72863
-48197
-69569
-9951
-23210
-17408
45331
6905
-78194
-87279
-63342
-70631
75525
-46544
-66730
73681
-19239
37135
-39242
10307
67504
-29938
-90100
-82837
-96783
46891
80694
-8123
82847
-31103
97964
55709
20701
55484
-54243
24580
65166
18178
58574
86972
30899
95232
43430
-66487
75777
3790
-92807
83627
68014
95041
-6067
35517
-34897
-69078
-20231
-31680
77814
-39538
-12714
-12251
29360
-14751
70548
77150
67822
43394
-71182
32987
-38429
87392
-52953
19560
9712
17567
-19838
-14512
48446
-12645
96204
16459
-17604
-82775
79065
-25412
-51852
85923
42908
53051
-53615
-69807
-59201
2834
-57469
38436
-92928
-89648
-18170
-64110
-29571
-29510
-76719
17476
17139
32993
62132
97301
45570
10577
-88255
-31138
54125
-78770
-13913
-39722
-4182
34235
-53799
65815
-85626
-80325
23097
82264
-50402
65628
20699
-43330
3069
29618
-7440
73498
27198
-57070
-81937
-55664
3012
80195
68727
75671
-82139
7561
-55468
71986
28791
30619
59354
51698
91944
-94446
-55399
-93683
52319
67698
88581
-98084
-39586
-63631
-41414
63483
65987
51146
36981
-6816
21165
55044
-35390
-75824
-37673
60426
99847
-19812
-32014
-55622
79264
23866
74997
38617
-24437
66940
44171
-52747
347
-76422
-85050
-11073
-74506
-24636
25296
-15920
-61154
-81628
62315
2916
-61355
-16521
85049
3255
7655
-52624
-36320
-65410
-45347
31666
-21032
-66084
-44469
81054
72533
-41817
-24917
-56208
5436
75430
-32630
-52525
91446
-7136
22839
-56169
4033
-11225
-37797
93437
18780
848
-23085
-69082
31193
11659
-94617
21962
46249
-39964
-46372
52306
-6047
-63752
33360
93575
-78479
35532
-62633
-45954
10961
-68174
1522
2406
-48220
51450
46237
55813
67314
35529
49250
-13906
-63623
53254
17012
-5341
92003
22395
-83380
-34660
9520
-29752
-82354
30562
-66414
-21905
24137
82197
-86374
-11407
63332
-48324
-52492
-35147
54082
-712
43393
-72592
82191
-62205
62937
-41471
-49022
26403
-88218
-4921
-78939
30874
44563
-62318
96215
-45917
-64981
40950
84645
95695
-80956
-64130
77891
59760
24463
41223
-88565
71972
33165
-7394
-28741
-96354
20014
80539
-58558
-89960
-60933
-7580
36443
77940
87500
-15406
8813
32062
22276
-67884
13234
57295
155
-2121
-19921
-53712
-39162
85059
-93953
85302
26281
44572
-15638
86536
-62822
-17290
17271
-15719
-36751
58713
-5679
2316
78223
57854
-92656
-7189
-57553
-56753
51962
64723
-24637
92286
-50894
2608
-82747
29185
48896
-21909
14244
54944
-36608
67614
-485
47754
-18762
-36218
57554
98510
48064
-79198
-15689
69474
-49793
89623
27327
84642
-90478
69774
-72112
-11426
-38415
-69660
-19141
10692
32948
-1888
66966
-18156
76203
-91702
63877
66685
3002
90481
-58473
11329
-45737
99081
-63073
29416
-80118
21239
-1111
97180
-62050
-73784
81821
74563
95990
-90292
-36864
-42425
67138
43995
-4644
86
69196
89411
9019
45398
97710
-27105
12082
-72200
-36625
53610
39129
-55273
-20221
76057
1232
-73249
-75616
-99879
-76070
-37666
53427
32840
-63104
49416
-30363
-72879
34080
-63226
-1795
56525
36860
-32600
45936
-54122
39888
-29266
-54138
-48031
-1466
-63673
32668
-62338
-18946
-87553
-86282
82287
-60802
-61898
9497
90218
-72474
-37077
23057
91512
39428
92694
45723
-99403
-70533
-56073
57122
-6583
11328
-69854
-33616
78305
880
12247
57363
99414
-24337
-9969
64166
56717
-70433
4973
-33908
95855
-29835
2678
13161
-75220
65601
-63783
-83709
-67882
56000
-10897
-67285
12556
33031
16926
33062
71448
47073
99447
49752
75042
-61218
7114
74456
-58466
24234
-34290
25340
-19110
70683
91433
-23256
-59153
-78801
16994
-34373
86801
53211
-90992
-81082
-63701
-1889
78723
-24055
58231
-4352
-90994
29678
-57280
35542
-93482
-82238
1413
13633
19307
42947
64956
12106
-31713
-54154
-17212
86809
-50321
-49275
-91993
66674
-56559
21897
-53027
79539
40815
-89638
-95261
-53374
-13693
62970
42275
-4687
-80263
12084
-69145
-73745
29846
-40643
-33023
76242
-97696
-68067
-11653
-29409
-95132
-1775
84489
-45453
48950
92496
48310
19480
14393
22373
-981
82297
32735
-69153
-71077
-80959
93817
-1713
14354
-86447
-89630
-27702
66899
-32694
31656
-66125
-56453
33960
92898
31895
31640
97766
57209
-56783
79403
-66753
-64288
-45199
52727
-22806
77174
78835
86581
9908
-90319
42593
28949
30588
-59121
70393
44141
-48751
-57310
11039
-54356
74346
-27996
-10808
-64606
-35099
48176
-5877
89757
5384
37340
69159
38631
142
-76041
-81554
77336
28223
24371
-8995
-61870
34052
-66403
-5831
-35361
-98435
-35439
35870
79905
7251
73998
-74452
-91314
-53999
14740
71170
-62008
90005
92383
-72252
-77523
29722
23996
61108
56953
-24956
6644
-38622
-96734
-68986
52383
-58603
65066
13070
-37345
56795
14635
27216
-80247
-78372
-65534
93751
-52823
70242
-60248
-10994
-31499
-95167
-20989
-39117
-67419
-71423
17694
56577
89686
-25353
-68380
-76582
36025
61977
-45568
-84504
30463
46587
28566
93118
3381
70291
20333
23134
91919
-18112
-56026
66185
-47870
-16274
82281
-52280
-84352
88381
8603
-51771
-83043
-73704
31895
33732
-71968
-9396
57150
-8854
-47420
-88419
6643
83043
58169
62298
3249
88639
-40323
-76419
-61138
78686
-67441
-17164
-28041
-88222
-6349
-45761
-40502
9299
-57381
68101
57528
-40423
21486
-10578
93309
49519
7115
-22452
-59336
59696
-10871
-25604
-30173
74387
63784
73077
63026
-76540
23747
-98113
29235
56306
-15277
-98806
68084
78374
-44567
54671
-12328
-74858
22771
72289
-88192
-55743
88800
-94884
20865
-4086
-90247
61529
82699
-1117
-64075
-47474
-26731
99709
52692
-63706
50258
-23562
65271
-20507
59834
-50007
-19313
-44994
55456
-36791
-90323
-56873
-11649
-40463
42505
159
3794
31304
-67635
-75342
-72782
-57882
13277
-90084
-31910
-23709
89532
41360
-96912
42223
4743
53346
45751
97104
59928
-67327
-52904
67704
-12321
29642
-69087
-75555
-142
-53647
-16017
-57637
-26398
14866
73667
5967
39525
27974
-24826
79891
37891
43265
-43819
27422
-88287
-40731
96735
-56455
39704
42485
-59352
-368
75158
-85166
94425
89926
-28435
52427
-85629
71423
98781
-74557
-86215
-27618
40309
87453
5438
-93078
15426
80612
86813
80406
-49035
-57007
-65083
89768
-70649
-68349
60403
69056
1225
-98950
95777
-96529
42974
90201
93397
-85462
-30283
34857
85962
-31503
-12611
99747
-32032
-72302
14288
73406
-65380
56804
-18894
-78567
37209
-40839
91516
72126
-51072
-79133
30866
-90670
17012
-67910
37471
-60123
62651
-92467
57167
-16863
-77928
-73117
-82007
35123
-4620
5383
-38042
-9563
-39830
3336
-36158
-5210
-39861
-27962
-56688
24437
31199
61918
-3437
80127
9874
54518
16547
-73115
86609
81107
-33238
-23652
88640
-76072
59485
37801
77902
77479
-27077
-99630
-90050
-38029
-9192
97210
65307
-18261
-80912
52535
53777
89491
-23029
-15025
51408
623
92192
-38719
-44859
-64173
-11834
68839
-83067
-17983
-54814
-94428
-66966
-95329
43374
-89065
9239
43386
-88694
-53722
32446
-70797
-56513
-75159
10942
89665
77376
-35281
79155
-45653
-23217
30562
54970
-31026
91843
37200
-68110
-92903
6038
-51177
-83797
-21686
81486
-50762
-17015
24859
87263
92224
95334
25658
65591
27780
54861
36167
52621
-34197
25831
-42914
30522
4986
-61478
-92696
62637
93492
-96632
54480
-42219
-64742
-11334
-9092
-88829
4870
69222
92657
-18803
-47794
-55396
95549
71519
-60063
21207
37109
-5194
-96844
-99636
74517
-31041
26196
-68398
26570
58271
-29876
-39036
20907
90705
91422
-24614
75575
53769
-8858
-33517
64940
23101
-64296
57596
31387
-12089
-97801
26935
86519
69227
75231
-49283
91122
5477
-48919
65638
1525
77277
24329
-71905
35547
21542
-83852
-43546
-60664
34659
-41071
-85090
-11573
-22840
-18607
80457
-99740
17098
-34859
31647
32098
94431
85672
-54295
63657
-12009
-3578
54778
93468
-25407
-52495
-5007
-48131
71834
-49823
14506
-6624
-33675
-1951
-40199
28073
-15933
-25289
-83501
-11683
-16806
24045
-11423
27381
89187
47314
-40522
83617
-39926
-67728
-25638
48065
28695
-70861
41533
-96713
-96267
-63475
82246
75568
-13298
-76160
96033
-19884
-51022
-44167
-91812
-39865
-42367
51777
48452
40827
-24178
64118
-31793
92098
11431
-45226
75714
-1406
-12953
-49925
-53341
42831
-93697
15281
-26793
-89963
51806
82542
12694
65597
-93618
-64185
72802
82450
-81263
80990
-57416
-23630
-40145
91036
44287
35677
55154
-87507
-45137
93674
94358
-69424
-7732
-18596
-92260
38927
51324
-85956
-45793
-75470
51171
33102
34161
90954
-74213
40543
-73232
98589
22993
-54495
79578
-7334
-51036
66522
-16298
93251
-70712
-61145
-94256
-15849
-67472
27191
14728
-48115
-91406
-50443
90812
-12993
-36399
72108
-61374
41861
-67702
72787
32814
-41915
13330
-13329
-43327
63412
32176
63340
-43923
8230
29862
-33132
1480
59150
-67188
-65687
-56700
92431
61504
-14883
-55685
-2813
34675
62217
84194
25365
-38587
-77181
94316
-6288
95607
27129
51797
-63975
-86200
35560
26526
-26935
-1101
9692
81295
55850
3650
-90136
-57912
36462
-55823
-14611
28892
-94319
-2405
297
-70043
-67731
-37487
-85849
-15276
23926
64060
-20961
-82363
-13245
-93833
-3476
-50131
47057
-67917
76395
47212
-41929
-86824
-44405
-86079
16826
-34541
-43991
80377
-63274
-31513
9269
69497
66083
-90435
99454
25441
99168
-86396
-89836
23093
4754
-83708
-32180
91509
49550
64344
-58622
-3394
23516
44862
70907
8676
-14873
53592
-50314
-98048
-80950
-67215
82330
82866
1272
-81313
52362
94444
55342
51816
-53026
54509
-7491
84228
-95310
97263
-99480
-27490
88772
50070
63943
57239
73765
-85453
-70811
-28239
23224
14317
-74648
-1
-56642
71492
32784
52777
54358
61146
71464
6719
-17322
-46106
-41466
29652
-91598
-21867
-59031
40183
-24605
68579
-87308
91256
-54263
3725
-24417
46591
-54639
4773
-81649
68585
-80911
-56297
95674
89537
42285
28457
42314
-3358
-10398
-59134
-96640
-630
-5239
88985
56111
-69748
94207
97080
70435
-30399
-7253
10217
87947
38484
41031
-36471
-14925
86392
-4609
-69485
-17934
-58431
-98692
-22261
-68894
43593
-93805
73420
-59766
-77113
-85715
70684
22257
-63865
-13243
-21633
-33612
-19037
-97464
63912
-22346
-4717
-98783
-34400
60857
42248
-43782
-54069
28640
51610
-23554
-89295
93179
-95157
-84467
-75716
48436
48818
24793
15759
71705
-33832
-13557
-78950
2303
289
-73493
-4220
81253
56133
86782
-41094
-48585
87999
-48405
39361
30247
7813
85292
85976
86512
88828
23770
79691
93671
39303
31064
-30804
-11880
82947
84955
86915
-50886
-28603
-92036
-21494
-1224
61561
1376
-19972
17693
-11843
-33977
-3802
-96756
-55293
-64442
33491
52520
47940
-53445
39032
-36144
70325
-54189
84616
9627
3964
-46189
24837
-13090
-61234
11751
-36887
-62748
-53196
-31291
36028
-91635
-2826
43145
-46853
85331
-90833
49345
15664
-46126
11993
76245
33484
-40068
-77201
99605
23788
93125
72505
8403
-70160
-23532
-10696
-18234
-9532
28070
93517
-19330
65322
67411
49379
-71561
75776
73642
71584
-71078
-13939
7841
5357
-98275
-11196
-82651
77970
-77713
-95630
27858
48981
-44753
-51929
21485
-9261
-22088
25043
80043
59678
-84490
8112
-19716
-76731
-99477
-52306
-262
-71038
50559
-26621
-99455
6570
59441
-64525
-88074
61166
24280
56365
-33776
46567
-12176
94082
-4452
43071
-57847
44122
60900
-52846
-30836
40942
33921
-88237
76144
-85796
-64967
3756
88988
34771
-40193
39546
35239
87442
73206
-5321
-77083
85132
-44156
47197
-31414
-50843
-79148
56410
-56761
-56511
-73430
-14608
87612
14559
32546
-43225
-44500
-33534
95629
58733
-92240
-69339
89578
23837
-7479
-50616
-36617
-72241
-63174
63678
-50472
-40257
-24102
-67539
-93061
44484
-18381
-72209
-72017
24858
-28719
81643
37339
85982
-3799
-30116
69846
-21210
-36561
65474
64613
98289
23224
54190
22126
42834
30664
12598
-2317
67490
-23725
47211
-72768
52173
79672
61261
-76254
-38710
16141
78819
13237
14511
60461
-49425
492
83751
20459
97428
89630
10988
62901
54242
-63635
-86786
-64479
58491
56048
66185
98178
-46270
33674
-98459
-99060
-12005
-19196
7702
76345
4550
68992
-80426
-89543
-17771
34086
-1993
-40107
61667
-18243
80353
59094
98476
-81571
-50916
52718
-45206
-37702
15328
40375
-81655
-18488
-34359
99166
42275
-32817
-99895
57359
47987
-65104
33703
79626
30978
53277
90083
40296
-85549
-11911
-99812
3208
-3065
80541
-37699
-4590
26059
-61526
75217
7943
772
-9456
75407
19118
72056
-58953
-54628
-58581
8230
72567
98778
83306
-92537
32480
-9980
38441
-87154
-19898
-21264
54387
-4720
-21076
-42406
19304
86555
-53015
-85286
-60298
-14541
17020
47645
13321
-92436
23051
59528
6709
64099
-95101
48129
99418
77466
46906
9813
84929
-93525
99833
23369
46411
-20065
29194
797
2304
-91882
-14519
-78392
21762
-40445
63412
61464
45014
-92480
9109
-41666
-84916
59249
44951
-51117
23347
49850
24101
-50146
27316
98096
59667
12244
31660
-13412
62703
-21930
66523
-8104
5957
95917
-72897
91438
44614
48865
-49008
8025
10329
23095
-57366
-80563
8519
84809
5775
-46531
-66309
56212
-96681
-15119
-93935
-42276
-17024
-7179
69968
-85364
79409
-40241
-7294
-26979
51656
25752
96027
5848
17189
40640
-45287
-4730
75754
65042
45455
-81613
11568
-46027
-96805
-82658
-65469
63976
643
64940
-51144
6708
-77337
-41078
26618
19721
-26442
-66884
79480
-6647
6137
-41776
-80895
-70748
64073
-36617
69892
45875
58654
45645
10916
-68803
-8879
49573
-87741
-5683
-5996
-53210
85382
94648
38820
-65762
-71556
-11428
-6840
55063
-91708
-6193
15268
14862
87160
-78596
175
33354
77746
-35753
96738
47637
37211
-17520
-79630
-51874
13677
11491
24788
25936
32897
45882
-185
-54632
40529
-61366
-93305
-3938
27207
-145
-48876
-37412
20751
-6519
77450
-65001
-58026
-95286
68354
-80281
96051
-7820
67356
33262
74660
14815
8477
-84575
53396
-66735
-31550
-86619
79147
-4646
-41251
-53236
-38922
-34556
42826
15374
-7612
21040
77962
-86862
-85480
-17499
-51862
-43505
-12785
43581
-23786
-16735
-64240
70660
-83474
37509
-87437
-47907
-19977
65959
-14642
-24438
79341
91594
70916
-61911
65447
-68007
-69377
-64639
-25544
23011
56401
-47582
-36761
-1989
-37992
-61534
-18405
-23688
82047
-15102
-13334
44896
82647
-69718
-90507
95211
-17625
-10484
61169
67733
-7833
-32402
-13585
-36918
-67223
-48139
-77835
-36600
-12778
-3379
13500
70713
-23872
76739
95813
38136
-84796
-22593
41537
24340
-10606
-71797
96325
-27959
-41515
-94183
-32749
40860
-77578
55509
-64319
14589
-76893
-50815
4761
-44116
-71865
26926
-53627
-57554
50636
59873
40248
-73236
-36299
36060
-8011
-94006
40556
-66474
30335
-70050
88819
-46252
-70920
-52697
-40434
-76580
15252
-90923
78929
-21978
23667
29125
-45704
-71573
12098
-17569
-17558
-14440
24877
-66923
72523
-34875
86931
-63777
28274
-21080
-57783
95920
-60465
-359
-74131
-71647
53390
82039
-97255
40045
-94542
17997
49122
11476
23108
-27212
67691
77404
-71696
-93123
-40166
-62165
-7562
11800
98003
-35040
4014
84933
-71728
59378
90942
-29511
55297
-69524
-2780
8255
85919
77699
-9707
88664
17743
-77160
-66251
-33136
34316
56857
-33258
-70905
-38651
-77865
-64027
-51728
87061
28411
-12838
85063
20460
91176
-2916
48732
-22358
-11974
46310
-67062
-54409
-56471
41193
-68490
48317
58575
47263
-33941
81415
8102
-39987
-57180
-35042
-46156
99005
-46603
-24021
-65023
1669
90129
-9523
88831
75191
-89064
7096
-27725
-13243
84738
-12610
-66933
44766
32981
-96315
-86953
-8420
52003
71623
65933
-81939
-19874
-25966
-94837
22946
-33919
-40993
21951
19478
-37924
-15983
48237
-47796
74495
-35844
54485
12520
71252
-73241
99278
-16921
14149
59434
-72156
74219
63119
-59109
92889
15121
39603
58821
-39728
-80271
-67146
-34565
-30236
-1065
-48468
18804
45503
13608
-97179
-6261
-7099
4405
57895
-52615
44014
-43764
-98767
-29620
39315
-57529
-70187
-5752
-83310
20022
-37772
36668
-64858
-98169
-4512
-77497
-78440
28342
-12061
-81587
54366
39471
37218
-132
80168
-32872
20696
-99843
-1378
-21409
-52457
-57365
34827
-51224
-59895
-98770
-8752
97008
-4522
-64973
17029
-15205
71695
-20739
-13374
-32818
1764
-64725
22613
16792
-46311
-95933
-43738
17996
3936
63519
85124
-75369
63677
-89166
-69689
38309
-46531
-7773
87085
-79337
-6543
-94579
-82329
16024
67538
34700
-99181
39232
-86040
-85466
33503
-57186
76900
83205
59606
-69412
87273
42958
-24327
-81703
6476
87886
70018
97242
98720
-99671
35550
79278
-7444
-50276
99942
13103
82235
-82388
56216
49773
-20599
57035
-10996
-79549
-1341
49597
-36735
-24442
32801
-77130
-66765
20073
65828
8908
38370
-27696
-76118
8388
96635
-77399
-64194
-40726
-98122
-44549
8998
-98181
-4357
-81679
46521
-48141
68094
-74078
-91107
84188
-53627
-65359
33784
9638
10199
-33416
32508
43434
86658
-1664
79431
-47884
-2271
-96688
-12407
-78548
53003
23399
-19274
54882
5940
16813
-16210
-98418
35135
-69689
-46559
3228
83323
89425
-12585
56785
-75935
48288
93512
-38646
-85128
-46892
-95213
28619
51444
11308
80735
76262
-58291
-31672
97715
94713
18816
-21560
-23317
51845
95254
60473
53428
-42523
17873
33958
60705
1195
23382
75210
85069
-25463
23497
78580
35891
-34542
-68312
-32233
94077
10221
6164
74812
-86428
47874
70229
-88714
-30325
-10956
-83185
46358
-59111
39158
6830
21406
96635
-75297
82453
-15571
-47013
5835
-40362
65146
7461
10224
43725
-56649
75683
2502
-61793
69759
-87277
44372
-28341
-73705
-7755
-58113
64671
-10991
-41979
81486
-64634
-74001
-52267
42196
47405
-55633
-6012
29857
28796
-25935
62781
15523
-60790
-29759
-74253
10024
-59319
28519
-87474
-21111
-1723
52339
-76740
-2974
78634
-57406
38913
-29607
31603
96934
-48122
-5942
-77068
-73300
-63747
-2574
-28932
-42669
54373
26953
-41515
-55758
-57524
-2305
-58427
95313
34808
-17746
23831
47334
-11768
49197
-328
-61419
-53778
-94606
-18825
85136
-24213
39867
9158
-45245
-66076
-40820
-18545
97268
-16305
-20388
81688
-61933
-93435
-59828
-90601
76131
-35044
-49028
71443
99764
33226
-4727
-25813
48548
-55531
948
87129
-9308
-66568
95394
-97084
-63692
-37651
-60837
-8937
-3726
-1657
-392
-79370
9128
6309
-97683
-25716
12874
69579
-16317
-10996
-65466
34655
87536
61387
94971
-17192
-64427
43518
-45633
-36389
-42265
-27852
-2957
-46872
-97847
33351
15478
-58684
51504
38841
-33251
78201
-13440
75877
-15491
-11123
-49840
24473
85545
33844
-86524
-79922
95588
28102
8554
90558
37999
-28783
-38836
92366
34828
18900
91603
58960
-883
93756
-7690
-85406
-64928
70903
-19476
1821
49103
67084
-22303
60702
83050
27857
-14826
68594
88790
-74261
15761
84378
53841
-75685
74935
-8160
-77379
63189
-88706
57449
-90823
-97103
16408
8294
96653
35807
-50022
-68276
-66201
30502
33545
9991
-2414
38331
-29308
-92276
-33812
55866
76319
-45023
81606
-80832
-60646
35446
70573
41379
-72715
93194
-68344
-61420
50642
-59167
-58523
94139
49127
65219
-42965
26194
96944
-82077
-43304
-42423
27914
-18629
95909
98607
-10905
89186
54472
92503
-55838
36077
-88329
-89394
98613
82244
-20926
52987
75438
10730
18656
-46832
51563
-12778
74397
-72222
-47559
58521
53973
-50616
76444
37758
6961
4357
46218
2869
2963
62402
-7946
84525
54905
-36694
20601
-6335
-98999
19213
-97003
-19925
-27800
78435
17894
17945
58693
96546
-94833
-39822
51413
-42392
-81302
5385
6992
22231
70232
41042
-73413
16449
71001
-43360
-21149
90144
-58836
60845
-46551
-11146
-45491
81540
-91933
-42494
88704
-92644
63031
6597
25301
